Case #1: 0.5
0.5
0.5
Case #2: 0.64583333333333337034
0.36805555555555558023
0.60416666666666662966
0.39583333333333331483
Case #3: 0.42476851851851854525
0.69444444444444441977
0.5
0.46296296296296296502
0.50520833333333337034
0.37847222222222220989
0.56163194444444441977
0.30555555555555558023
0.64149305555555558023
0.5
Case #4: 0.32986111111111110494
0.22222222222222220989
0.921875
0.53819444444444441977
0.63194444444444441977
0.36111111111111110494
0.65277777777777779011
0.27604166666666668517
Case #5: 0.26388888888888889506
0.73611111111111116045
0.5
0.70833333333333337034
0.29166666666666668517
Case #6: 0.57986111111111116045
0.52256944444444441977
0.63194444444444441977
0.64756944444444441977
0.22222222222222220989
0.31597222222222220989
Case #7: 0.61979166666666662966
0.58645833333333330373
0.33958333333333334814
0.54374999999999995559
0.3468749999999999889
0.55173611111111109384
Case #8: 0.52430555555555558023
0.50868055555555558023
0.55295138888888883955
0.46961805555555558023
0.43229166666666668517
0.47916666666666668517
Case #9: 0.45833333333333331483
0.625
0.375
0.54166666666666662966
Case #10: 0.55537367724867725549
0.54477182539682544871
0.37405423280423277799
0.46005952380952380709
0.51370701058201062583
0.40728174603174605028
0.60310515873015868582
0.55044312169312170635
Case #11: 0.5
0.375
0.625
Case #12: 0.28125
0.41666666666666668517
0.25
0.96875
0.41666666666666668517
0.35416666666666668517
0.6875
0.44444444444444441977
0.5
0.78125
Case #13: 0.625
0.59722222222222220989
0.56944444444444441977
0.54166666666666662966
0.51388888888888883955
0.48611111111111110494
0.45833333333333331483
0.43055555555555558023
0.40277777777777779011
0.375
Case #14: 0
0.1875
0.25
0.5
0.75
0.8125
1
Case #15: 0.30208333333333331483
0.390625
0.17708333333333334259
0.66666666666666662966
0.79166666666666662966
0.76041666666666662966
0.5625
0.45138888888888889506
Case #16: 0.59722222222222220989
0.45833333333333331483
0.43055555555555558023
0.625
0.54166666666666662966
0.51388888888888883955
0.56944444444444441977
0.375
0.48611111111111110494
0.40277777777777779011
Case #17: 0.55914647108843540391
0.56339595734126979298
0.41906027291869130114
0.43656816893424038595
0.45497065145502646466
0.50661914505385485796
0.57287193523242629922
0.5093860721371882283
0.56008341994205090852
0.37369038761337869392
Case #18: 0.4375
0.33333333333333331483
0.6875
0.671875
0.5
0.35416666666666668517
Case #19: 0.5
0.5
0.5
0.5
0.5
0.5
0.5
0.5
0.5
Case #20: 0.5110199751196774498
0.5195915667854443809
0.37280008233452111011
0.4997624446604038706
0.46010054484756868209
0.53892594364134538409
0.45553980851599901181
0.64673721340388001799
0.47420201877047113426
0.53641212561413453841
